  100000       3
  0.536423526575386       0.915205103249487        7.70982542544727     
  5.000000000000000E-002  5.000000000000000E-002  5.000000000000000E-002
  0.505575573716311       0.969544488713042        7.68161492153164     
  0.600679226151442       0.872632000441467        7.77883571417933     
  0.570448445815653       0.862529434194338        7.65898176720367     
  0.498670708254337       0.908468121217761        7.66973750988826     
  0.638867762863597       0.916399162443181        7.72265540722859     
  0.610225369260949       0.882598187452546        7.64635881099328     
  0.472651208558430       0.905406765115578        7.68225294139022     
  0.581390042747349       0.879387501522950        7.70367715752136     
  0.523844850281434       0.901725073570946        7.69391454778995     
  0.535974371125479       0.937038106870577        7.68885729883940     
  0.537082605153209       0.899983987642928        7.61096568749961     
  0.616522410475793       0.901341882843227        7.76349826806719     
  0.543330755868433       0.960240232697507        7.61550873552159     
  0.596401754612504       0.880237464790885        7.79412806085112     
  0.515044349962396       0.903530813848278        7.71878303078945     
  0.603400668949880       0.940625726133816        7.70059930317039     
  0.589137757542518       0.890932927789144        7.74903293598926     
  0.587691458169101       0.889002570620720        7.64923262756657     
  0.639180150012170       0.873930814695138        7.80097164234326     
  0.581727318721440       0.902674279932125        7.74875962028418     
  0.481156883576024       0.927809371285559        7.77153144542233     
  0.575619391719234       0.948450313775105        7.76391752020984     
  0.582491723356287       0.838243250469469        7.66319382357418     
  0.511436627404926       0.914423156467086        7.72305626145635     
  0.514100505399562       0.952235195911926        7.74445124201087     
  0.585702632299976       0.900924182961844        7.61810918114272     
  0.575368312344419       0.933961043499239        7.74335985783378     
  0.562269838147515       0.903818436207101        7.76652831730618     
  0.562793864851133       0.973803660275545        7.73231413730711     
  0.478274487952217       0.910513251106134        7.65362389080821     
  0.491511890977993       0.927193127064349        7.66575108664465     
  0.523311685873738       0.955278038313140        7.74749095142753     
  0.605808257692077       0.885031487260419        7.73038112118094     
  0.464198013849412       0.831940937938899        7.70722952247531     
  0.550155757959855       0.866691005625008        7.72460089932237     
  0.590965565229572       0.901661754432111        7.66208605854060     
  0.504579259548301       0.945322962554718        7.72486658895098     
  0.542499536999211       0.884418908385550        7.67313971069318     
  0.553881531534982       0.856825388171575        7.64326041819391     
  0.556246283034456       0.869365310161934        7.75645336283456     
  0.533072071040181       0.926541718000053        7.74034794703968     
  0.565732580863444       0.821311007824695        7.63829216710445     
  0.648586572544192       0.954118010916846        7.70051016331951     
  0.596098128600730       0.844134977880931        7.70715316256143     
  0.612778606982592       0.915539389626825        7.70672010419333     
  0.542859155433003       0.929658112615621        7.68557695784672     
  0.573404464382773       0.871346037383159        7.71353953881034     
  0.538001675092933       0.890799734247178        7.70579553662210     
  0.478372255821264       0.939855405452999        7.70716049447730     
  0.477208774701144       0.908404746933755        7.63724417106406     
  0.512474030169787       0.940972119969598        7.69109274934296     
  0.581869004975648       0.884902465162837        7.70538635356702     
  0.570253620615907       0.882900676818027        7.68258311005460     
  0.527654077223844       0.916710618038168        7.61955409713858     
  0.532059488720401       0.825090799558626        7.65726892569834     
  0.490791022478109       0.861349329213540        7.62523618130622     
  0.573705568406930       0.827762708018726        7.67790716119316     
  0.582309279295835       0.974307663083328        7.63460315826606     
  0.507800373713564       0.924569141737247        7.68230690652148     
  0.591521220298567       0.944752322799143        7.70815042924802     
  0.548909859676112       0.855953375280516        7.74233537603005     
  0.563541822852649       0.914179710951755        7.76688596163632     
  0.511378093610097       0.940398248937695        7.83744800244093     
  0.619895031191645       0.857190103227170        7.66250849286434     
  0.607606614441754       0.895179771987459        7.74426958952816     
  0.521637892491575       0.874035236119588        7.66268808138243     
  0.537125164723921       0.857508129504196        7.78354897362259     
  0.465439083113059       0.954605113245474        7.74091671225294     
  0.437836023742319       0.883680918238693        7.66475635805775     
  0.536980064483315       0.956243756481333        7.64313317003689     
  0.534195310932638       0.887193696365858        7.62935009483831     
  0.546121424130465       0.906407599578761        7.67873952010121     
  0.589525966300430        1.00211973019426        7.76086031263747     
  0.503035018202704       0.871309471894304        7.61304506761523     
  0.559834265061356       0.888083440169741        7.72951677969811     
  0.617059200352137       0.908354719219940        7.66005285049854     
  0.560147154757274       0.948201390081233        7.70763869239825     
  0.513091269613010       0.961396126813370        7.72527702737952     
  0.568557520990883       0.925570209801702        7.67988130036087     
  0.493187260703170       0.846815533875839        7.65832140189107     
  0.417324105765747        1.02142222086650        7.73682727929239     
  0.502101392710853       0.840769760071913        7.57995367541762     
  0.601999713715564       0.794587370313671        7.69563846171578     
  0.553939208826741       0.915203871951441        7.75818700545709     
  0.641125003243970       0.907857175671392        7.72713683549555     
  0.486828993477253       0.951810668079187        7.68828629096043     
  0.554563937860520       0.912794028753655        7.70290715401710     
  0.542510858410031       0.942226329249905        7.74243684918861     
  0.501203639724298       0.954283721363320        7.73449568416327     
  0.539006708553767       0.944064344903134        7.73445201751323     
  0.550721786321877       0.947949720784067        7.69285137594789     
  0.481064850346172       0.859841662474837        7.74356319904721     
  0.548355701975700       0.885754466781942        7.75989444146241     
  0.483218869888189       0.969443502476531        7.71506110629154     
  0.575242916226184       0.912568195446279        7.64318980537524     
  0.581650235832481       0.983948704824315        7.68527297852081     
  0.588720142000393       0.817249144077309        7.72815614208747     
  0.559605494508919       0.863907160775375        7.76940704465028     
  0.433963460588462       0.915267195786470        7.71896953540343     
  0.576048491270020       0.923007896475518        7.76388205025919     
  0.460974855635645       0.899164642320062        7.74563764614255     
  0.573212683910842       0.877543146380328        7.83522433821383     
  0.561398708313175       0.906449681572399        7.74231150167048     
  0.489176749661124       0.921072251387378        7.70545679339309     
  0.491050353889388       0.936067565648202        7.66394916179218     
  0.639391550006304       0.857551169398867        7.68918905807490     
  0.480983100562794        1.00794908029257        7.63249792796404     
  0.548333670548861       0.970268736807241        7.67455805635183     
  0.501678645809479       0.872627251524489        7.77784429522414     
  0.560783606156433       0.873739666643976        7.73955615018134     
  0.573797358391344       0.797712150254076        7.68911292943429     
  0.492780968153230       0.930516776211927        7.64211031162467     
  0.512245264429664        1.04814973423535        7.76100685079981     
  0.511302408655226       0.853991820508907        7.71206913280629     
  0.469456529508537       0.984254993722617        7.64840702698605     
  0.469469944937886       0.951825997590765        7.76197944439509     
  0.558500657110732       0.840109685387914        7.64055765120969     
  0.476627956942265       0.918113282232602        7.72386530592774     
  0.626859561532215       0.974317598549695        7.65500962334807     
  0.614171055756899       0.842155818593894        7.72553910000845     
  0.588346328263923       0.939247904864761        7.64185668406309     
  0.587765741849948       0.885259316518948        7.64110342307031     
  0.475535987493656       0.942797290455057        7.66978942487080     
  0.506682738356543       0.876422329215162        7.59412593473650     
  0.534646975248350       0.854734864676274        7.66329892610736     
  0.541886413531051       0.824599726026630        7.72302563318309     
  0.455992229455000       0.942554207994258        7.79161007914128     
  0.597310586181447       0.972746408360412        7.71286855588151     
  0.613668120132227       0.855985802777722        7.66118070435884     
  0.514577973805707       0.908902355322770        7.68526864067241     
  0.617636490754149       0.927046505087856        7.65590159803794     
  0.491279231437066       0.966839669160210        7.63529474907752     
  0.551036834822080       0.987950791156862        7.78582584620943     
  0.464496078185892       0.857783974836018        7.73529876956665     
  0.488521626413507       0.974694842539672        7.71027514656371     
  0.462254753774375       0.954532641569206        7.72175186968718     
  0.510922199837135       0.922765328951211        7.71795220214602     
  0.536862659403930       0.913617833808495        7.71286416854463     
  0.414381047768866       0.957692401201961        7.75902417933979     
  0.472209464322104       0.844854082360945        7.61415506791942     
  0.549818078783357       0.875826970560050        7.67005233197821     
  0.475164960842427       0.822638543936829        7.67900004525438     
  0.613673031577375       0.819971745006095        7.82338543346538     
  0.511069895413111       0.892288703990995        7.69889826558705     
  0.491879594328057       0.896896713468286        7.73783011458372     
  0.558033606607390       0.900852607789856        7.72916654351744     
  0.538133358360315       0.990298025054411        7.70034697451411     
  0.571795685104161       0.921025766338671        7.76514503877023     
  0.528104635295407        1.00698284067156        7.83020026056370     
  0.591931388345339       0.978664863923986        7.75665784836037     
  0.528077981471770       0.835773912456266        7.69596630544071     
  0.501957548445290       0.940113937407006        7.68228809583343     
  0.601403897001945       0.962879661781753        7.65621469452373     
  0.539348160192985       0.917457552037352        7.71083347553955     
  0.494709303846453        1.04546815727894        7.80020948246869     
  0.522107985994154       0.938034484813832        7.69216725789110     
  0.583006612190210       0.890682234451147        7.67358147839999     
  0.533938832162097       0.872406912024458        7.67298681238143     
  0.566962685315951        1.03126340827923        7.77543060069631     
  0.548218488980655       0.897178808959730        7.60637339298950     
  0.573585092827061       0.893890309805255        7.73444863003451     
  0.531775888192717       0.906124356448123        7.68916313700302     
  0.549450370345290        1.03493236114879        7.74763826599259     
  0.461854414368709       0.981319925373795        7.71213339145744     
  0.483904414999399       0.969625237167073        7.72022173005012     
  0.506451651397502       0.901619197682307        7.66230462876900     
  0.534036213826773       0.965199415496410        7.67043819630273     
  0.615143648088852       0.919725413344127        7.74434278028333     
  0.556003799182694       0.944542711702665        7.73989093088371     
  0.580601418776193       0.891009842534691        7.67511464271328     
  0.480082483217274       0.947186296897521        7.73379177267990     
  0.531195740229655       0.907912499500038        7.69079573662180     
  0.473434231099877        1.00204797906613        7.66846781224054     
  0.582526988860590       0.887368473745714        7.74828038962348     
  0.461912707250411       0.820579593331158        7.72935984310334     
  0.613453000955675       0.935880393569758        7.73910121496138     
  0.455534600582953       0.826140569007526        7.77313652378338     
  0.510271798781146       0.943455246615588        7.73056948384079     
  0.494696985980698       0.846885620095539        7.68469186526942     
  0.632710384910936       0.896446624409769        7.81367793648911     
  0.520875379531694       0.890884622977754        7.75786636803797     
  0.569913105907897       0.894627854770589        7.76001466946953     
  0.530676780359709       0.986215242721021        7.60497167054414     
  0.583846692490309       0.907065551440774        7.68461217332321     
  0.496665322436994       0.906880680384329        7.78435883175827     
  0.583586837455436       0.948433912394706        7.71609968587197     
  0.581626013796699       0.869517803565644        7.74215363531563     
  0.586360877536118       0.946660321722522        7.72455909828351     
  0.530778709092341       0.965378551273786        7.81813232747222     
  0.591452463657752       0.936012531294149        7.74183139343612     
  0.549509952178141       0.913699222382700        7.67998614434374     
  0.580274961958522       0.854967834894333        7.66583758647255     
  0.545895012459919       0.869896311104927        7.74599712881055     
  0.531365659547152       0.926184006071288        7.73300030107173     
  0.617248054674611       0.950582472793026        7.60642791515866     
  0.541686935066578       0.831637390984995        7.74276148030213     
  0.601323448520578       0.847150326693299        7.67366253628032     
  0.485085441392481       0.967876253530854        7.70354198839045     
  0.458484549578697       0.856176191789967        7.75486327688896     
  0.487049564801114       0.947301929967023        7.76074965626428     
  0.570128012272720       0.964973008617182        7.75985582570734     
  0.555235381044382       0.862310330590666        7.72266219065780     
  0.578627379656100        1.03865506997196        7.73636479686465     
  0.511711120927060       0.977102430303841        7.81166643557914     
  0.461802002350857       0.914610502347537        7.64245473486853     
  0.529908416611148       0.906161764659952        7.67731975306961     
  0.495067233459656       0.921657447780755        7.67191493806963     
  0.522741711818139       0.954591932178744        7.73659783244022     
  0.511244389434603       0.956007754913439        7.78088445037960     
  0.485525644159867       0.957499541488566        7.70634402938590     
  0.508556565901920       0.940434499951948        7.69800056311140     
  0.447898217833806       0.939867795462905        7.71530682112056     
  0.442529479688869       0.899727702690394        7.75075083585355     
  0.597137063309174       0.915564225326864        7.70669640244489     
  0.477271788178189       0.948488918563624        7.69835999525820     
  0.474271824710969        1.01002641570970        7.65058871008291     
  0.577000821007642       0.892379189732329        7.69567957160372     
  0.562886739398969        1.01863961883090        7.69217760337347     
  0.515588936235541       0.860819284543701        7.76775043409495     
  0.482260565420601       0.970766515982855        7.74665073063355     
  0.500170342806574       0.961480438127880        7.77679744338644     
  0.596272055189572       0.927904738262674        7.70227155480820     
  0.592441355777248       0.909359899893979        7.71571338884448     
  0.542552435262065       0.997128474557437        7.69090162465397     
  0.519068635997046       0.916052275632478        7.72944726384512     
  0.448694802373279       0.903614127538299        7.73737627565344     
  0.515020765432691       0.915129890133243        7.68500699069421     
  0.516160260030333       0.873191952961683        7.75826122066789     
  0.572465015442281       0.880535963226391        7.75552156444714     
  0.595096387211678       0.902591814307833        7.70392091189586     
  0.512817485988386       0.924367391419317        7.70573334942401     
  0.529470813705856       0.950783089237303        7.74790301191452     
  0.532302904804662       0.914267144091673        7.71110134230910     
  0.555680953436383       0.978555608570407        7.69858801616999     
  0.564798906317792       0.988717728340036        7.63322346931338     
  0.565823218221868       0.875647374162430        7.76119557770197     
  0.495862252709117       0.943839499101439        7.69865322663600     
  0.564006492445863       0.871800411898768        7.69117571671810     
  0.521093298420281       0.840937886716502        7.72676179232659     
  0.550498336985390       0.938625839717161        7.68646921866622     
  0.565311306311701       0.869610171004503        7.68539006625080     
  0.571102534374867       0.912822429665727        7.77056239359980     
  0.560711188978191       0.846478915951242        7.63185234003930     
  0.644247566943708       0.864423590364865        7.74576697284544     
  0.527837280318410        1.01078343861185        7.74369418005855     
  0.516408739189843       0.951758057521493        7.68654003544328     
  0.513365452889228       0.965085592910577        7.66133933477044     
  0.548330809899172       0.852996704157613        7.63345717038623     
  0.525949054180552       0.901204837845922        7.71903172385139     
  0.576674419081619       0.950647043770111        7.68573684714715     
  0.632011266623351       0.904787590050738        7.66495995918457     
  0.647659801536519       0.832845680178439        7.67181655729414     
  0.504999146697518       0.848795841273188        7.76415230096199     
  0.467085187012000       0.941077704149164        7.66996603410355     
  0.563477371080775       0.885605565560632        7.77088481015544     
  0.513689655624984       0.903752465924950        7.72232676185639     
  0.589500029697521       0.947292821763465        7.69362241040086     
  0.565496729726629       0.874489743164233        7.63879932429445     
  0.477019808681190       0.869229081096831        7.70150865450191     
  0.588336321009483       0.902097395854773        7.73560138149268     
  0.541257227080735       0.893065035585925        7.71959967909812     
  0.538496932648435       0.906477916489343        7.70805005438540     
  0.498553791812075       0.843029533874121        7.74701608619255     
  0.516867347244897       0.880488012722259        7.72525082747479     
  0.529777789501795       0.984293488914882        7.77353155990835     
  0.516879522176153       0.911417693092858        7.75225952658317     
  0.566337344153108       0.896234798161594        7.61218551221234     
  0.562762262885025       0.896473943013410        7.73711424253942     
  0.516699051744682       0.861213840598727        7.63687509006895     
  0.607097592891543       0.858439931409080        7.78347457891609     
  0.575484410099347       0.964721490986394        7.63485843783104     
  0.513206282525431       0.938159054421902        7.74907405076381     
  0.541986174099348       0.851002905350569        7.75224964360671     
  0.460563773241737       0.849696863246841        7.73437678290256     
  0.582417446007240       0.889946630989384        7.75353040246925     
  0.515830319536265       0.988626191779892        7.69743322544478     
  0.520802755054648       0.911994826807667        7.75829642890847     
  0.515732844259229        1.00142072068342        7.72121316903119     
  0.509972634753894       0.931940941171556        7.70172673701290     
  0.490812055543139       0.900315957457206        7.73903016923753     
  0.543291491979990        1.01049900717693        7.62234847445613     
  0.534376338903869       0.899049310877484        7.71007629099041     
  0.557817325270591       0.908910581687342        7.71699038891362     
  0.512182944917568       0.892828533036855        7.61361604212206     
  0.472534932019404        1.00696118627610        7.65446245555223     
  0.591819832009896       0.940541288737987        7.68530790733417     
  0.521895852976460       0.908229520315375        7.74924267605249     
  0.565605409481955       0.897940558348426        7.62329362621632     
  0.452836163920130       0.960084683024581        7.69023482446432     
  0.540312959150674       0.935468642714579        7.69078076252901     
  0.577072034968594       0.929038232843507        7.71075429268352     
  0.411701173331561       0.851232364359781        7.63680809833691     
  0.496617236872890       0.936642191247238        7.67151776922693     
  0.575890970214413       0.851586558179412        7.56671150290236     
  0.548417662781317       0.943345977898813        7.63754250330921     
  0.526447210892991       0.974903314851799        7.61646473580671     
  0.555163763780332       0.924404481943106        7.74557294671557     
  0.502027393152398       0.989559118168608        7.72109829975628     
  0.552770407965106       0.890235658074768        7.75075161249376     
  0.550906222845265       0.922583160399134        7.71327632686612     
  0.503736737472607       0.854793084692435        7.66338136862710     
  0.576458041002838       0.898496293991643        7.69070682991947     
  0.629047081496356       0.969148063760602        7.81310536980461     
  0.627896015326908       0.898087475119489        7.70370711345236     
  0.541554764391701       0.940874296062841        7.61267279682548     
  0.569902715588718       0.941129978546618        7.67259624870522     
  0.626508403119132       0.960086792568348        7.75175243106641     
  0.547523825028854       0.884365758416087        7.74063295333570     
  0.551191622154503       0.971404734610481        7.74026646268943     
  0.556717043771090       0.960730032127661        7.74519490999884     
  0.492888027172369       0.974247198821020        7.69709559710478     
  0.437597623291288       0.915918517783432        7.68204990603077     
  0.595502734700027       0.887842052530761        7.72066803240463     
  0.632718815364738       0.990003621125780        7.68314384584510     
  0.575240541203024       0.960336925885574        7.65239075800635     
  0.541836188991993       0.936955322192766        7.69105443777993     
  0.557437435025755       0.867589650982516        7.77805386103430     
  0.545153263883347       0.997440757041568        7.74178146738957     
  0.516063359612372       0.942934773204682        7.64999468784076     
  0.526731286958537       0.896193876077076        7.72890502994132     
  0.566083893933287       0.894653802987372        7.69367929473688     
  0.540663556052201       0.940367163541217        7.70238994818441     
  0.504216348415378       0.983202825494542        7.74901573920298     
  0.508494930570746       0.896236706772973        7.66978644155676     
  0.536214413285501       0.883453461312401        7.75200882287818     
  0.464834669309035        1.00590297941035        7.69411043842421     
  0.534055651859490       0.918089682872385        7.65130680347589     
  0.547004298272301        1.05252327124239        7.63558267272974     
  0.632233100890629       0.856471736481907        7.75476449020471     
  0.514976630741142       0.893774074726764        7.74876226253742     
  0.522310067087590       0.877354677966066        7.75380983175769     
  0.557785621713914       0.917074626021511        7.69073778142986     
  0.541174545908202       0.856352229392956        7.70566885116439     
  0.575865837077432       0.929139305030452        7.76741228875459     
  0.546749742344556       0.890664531458694        7.75920360287029     
  0.592100469688036       0.873223642073232        7.70580042604052     
  0.551177305500055       0.926670589991870        7.65809516115121     
  0.416354654780116       0.918510716655044        7.61540837694557     
  0.586533629688961       0.925900831351638        7.72129638523857     
  0.521177638221230       0.879285207966285        7.61546065794692     
  0.589930257386816       0.829969127642271        7.69654581950976     
  0.546037102232197       0.958541540497541        7.73157768570221     
  0.523355154914584       0.891897181449188        7.76934823488144     
  0.617393370005266       0.900345747769687        7.85455891211085     
  0.349836441018060       0.858507319498093        7.58784882890177     
  0.637816908328017       0.921718768956514        7.79364404764410     
  0.454236948770299       0.913329509756863        7.64595091370653     
  0.579248789482440       0.970804427433081        7.66546714360543     
  0.565433186594586       0.932829492503461        7.73188669966084     
  0.546767489900898       0.938955161936646        7.68339576878655     
  0.498561614605832       0.984082414390304        7.68652419640869     
  0.545202225894798       0.895841789015012        7.64929817284499     
  0.486034176756061       0.958861231285763        7.67833371601596     
  0.580594165356086       0.931928905089774        7.65063130808395     
  0.546074046462108       0.993600228972712        7.70588771692319     
  0.509199154265950       0.818729986246031        7.67016897110218     
  0.646061957488667       0.961363745320842        7.67388565659903     
  0.481631233438341       0.902537468980490        7.77848949384036     
  0.526620495953428       0.919606313117714        7.59092778702246     
  0.532086066688828       0.990187961531718        7.70775306414218     
  0.501832252351361       0.897563983761847        7.67527288349020     
  0.609779905732777       0.897950315135282        7.80196923965043     
  0.518162779229123       0.842874156099521        7.75202811123404     
  0.594411278880211       0.890511696827107        7.77149408377783     
  0.604247829421715       0.935511153386357        7.65645977152697     
  0.530255081000240       0.913186586168724        7.68767490333223     
  0.551970180967766       0.845885049331858        7.65416067727984     
  0.593210399930333       0.881258852035082        7.68465627349712     
  0.476398898345461       0.923822524093264        7.73220218289387     
  0.520140981146010       0.930165296191337        7.73539326646187     
  0.595264710694427       0.890882445245645        7.70442893053485     
  0.572611095126836       0.868699417592540        7.68974853851967     
  0.518667775569416       0.833217511459735        7.75016921474173     
  0.538732602713262       0.933233179220300        7.71810944624286     
  0.565983514717319       0.863134661999219        7.80248757989727     
  0.559795599266219        1.03538424092396        7.70834148729913     
  0.641824449529815       0.838707166291526        7.66334647164197     
  0.531636024840037       0.941963274227012        7.73288916205372     
  0.473615681690312       0.969661780149189        7.72219285127263     
  0.567084278197806       0.829215801661171        7.73727251122401     
  0.473690304662975       0.824019728866295        7.73638478143335     
  0.475338813514891       0.868896921285330        7.69679745612068     
  0.669949021944228       0.854155864151947        7.68665963437118     
  0.497608735358247       0.851197142981913        7.75821612577976     
  0.549542478611380       0.940882663906652        7.74312661854635     
  0.477868344629780       0.922871103545525        7.72501507651042     
  0.576203669021262       0.978129281895686        7.76032246983030     
  0.600219689914002       0.908815909641530        7.71522069909140     
  0.600564830035389       0.853815944602958        7.73649318418427     
  0.538887443137582       0.925602814355286        7.73143483379810     
  0.510254081649575       0.909201017300514        7.73339489162747     
  0.464145363468864       0.850521688757544        7.78322731106256     
  0.485533201362987       0.953024106442024        7.66925948831072     
  0.581691091987864       0.895158723754511        7.70192046128276     
  0.507152369269212       0.860165003308411        7.69608136535054     
  0.543452514834285       0.943516857376854        7.77101270983731     
  0.516365816647939       0.933245883801408        7.62901482925629     
  0.521343477996594       0.894595414359730        7.76378537107581     
  0.449898128199814       0.967479046009921        7.71520356724436     
  0.546849078919908       0.871960690595274        7.72308272222643     
  0.531652305579895       0.950466003244429        7.66355395207152     
  0.492562392529600       0.909660054762283        7.73105253015991     
  0.555388784165152       0.916679940172495        7.63759115798129     
  0.454552534554011       0.833324402096053        7.70927218251014     
  0.584319827217870       0.911634666027225        7.62539779022074     
  0.493249111177781        1.02158720599624        7.68693499899291     
  0.529967042129401       0.913584055857880        7.71540301859459     
  0.511328293866809       0.996342763497489        7.74669626079078     
  0.584744054724232       0.991050304878503        7.67688518322730     
  0.500522996147013       0.820526367528333        7.74487915582006     
  0.411480463011062       0.953110214957202        7.69485736763478     
  0.588292642698614       0.902536164329897        7.65871184753957     
  0.518858313610412       0.792040520918002        7.68152587127589     
  0.516136645889242       0.934708404057955        7.64107206586421     
  0.456024876471912       0.952173578966703        7.67288148609745     
  0.494490896383759       0.981925286130694        7.73691184075046     
  0.522808114792351       0.925274807034680        7.64701939259694     
  0.526108684297784       0.888806272675561        7.81364540710364     
  0.614966335194805       0.962202919899255        7.71198539559257     
  0.516705020284926       0.971182558087879        7.58029309892030     
  0.474396283035891       0.903571985561689        7.65039219272474     
  0.539083448383112       0.922461837043869        7.72988875550369     
  0.642976342818479       0.939863361755152        7.78476733332092     
  0.582677391681586       0.945447599593523        7.79974299760890     
  0.553459175956345       0.896777797339665        7.66841767662599     
  0.514518376103732       0.880093392270787        7.67766061273333     
  0.501658006179407       0.918868728586178        7.61796417945275     
  0.618474862060939       0.918297101216742        7.71002520792095     
  0.530478399076700       0.940897352267872        7.69040676450974     
  0.553402162987835       0.995398538206823        7.69969678140857     
  0.571318637533948       0.882794279505272        7.70904879268049     
  0.573422933388109       0.923752693090213        7.72949406767675     
  0.530208207927970       0.944202112308289        7.68695946965750     
  0.429361956825303       0.855795216820631        7.71425274789493     
  0.486551399619851       0.883853155971303        7.69361988697290     
  0.509155551102308       0.894709585291446        7.75912827256555     
  0.529603309782871       0.946902276723465        7.70035565022817     
  0.447821493518461       0.908627180321683        7.78004532063299     
  0.630015670721691       0.879390655758145        7.75338959075953     
  0.483681116342558       0.883812622265157        7.69050080837597     
  0.504502565666080       0.888564431287139        7.77717196426181     
  0.641265967747160       0.977848619600893        7.71552452679868     
  0.460442473849183       0.893109945074071        7.69160329617694     
  0.602653028478610       0.862218162350723        7.65125874999299     
  0.579716856346214       0.965659440649513        7.69684885263088     
  0.610329657196978       0.920022036401708        7.70978144049015     
  0.549894679021578       0.946534497662509        7.77245913970409     
  0.550819673299039       0.899510847064009        7.71607157231092     
  0.535124124720339        1.00646052336733        7.75987939854691     
  0.560969498698053       0.862220878457071        7.78610016115265     
  0.598208113452471       0.876240681475504        7.75399451623061     
  0.572894950238820       0.985709724122870        7.68675652842812     
  0.540070645108772       0.971751735929532        7.74884518169794     
  0.501608851001734       0.890822022660651        7.72771679521714     
  0.510392776073816       0.877840066094940        7.78252717471953     
  0.564410157664621       0.915386062608060        7.63086777642220     
  0.505348729196809       0.913575491936583        7.65402652323476     
  0.518778729533992       0.903503461635056        7.69740882454803     
  0.523838346757000       0.940153855853650        7.65515890280933     
  0.491841069866529       0.919933096007297        7.80752925505196     
  0.614332923828425       0.931181413308652        7.61434527221314     
  0.574608180446041       0.966131328000011        7.74325499822665     
  0.566047416174527       0.861274370156362        7.65247206571044     
  0.588575018124382       0.878800600503828        7.63005297309733     
  0.498592506417966       0.936990673657064        7.73149371334807     
  0.553373552279333       0.846458361178046        7.74385208700095     
  0.595152584036079       0.935623838634753        7.77742429530204     
  0.508063965823214       0.937829610345238        7.73758306695558     
  0.542218818602972       0.912529591609076        7.68012770244632     
  0.669686347830639       0.946217403885805        7.65835634160415     
  0.455785359849328       0.858840597486567        7.74291621534936     
  0.501444507223723       0.921094193789944        7.63033680535919     
  0.556327717581254       0.881020423561515        7.64952860824490     
  0.505085184625446       0.940496996488619        7.66193402638582     
  0.447379662280374       0.906570027449071        7.68342173025793     
  0.551656454946730       0.961792831805047        7.72244092943473     
  0.536074772880219       0.882504256725260        7.66772417066300     
  0.513544786552904       0.873474393426008        7.65991281216701     
  0.567483408081736       0.846127814990376        7.77283154243426     
  0.642673046665533       0.901119034166669        7.74658241216570     
  0.516422381416603       0.950024330258026        7.73936708166457     
  0.610760963401866       0.922850992964636        7.73266818790115     
  0.528937762705806       0.812417365213178        7.66086495383619     
  0.595789552929747       0.949154843280574        7.74628978683405     
  0.552392096854835        1.00773935650906        7.69443721520579     
  0.530102208986979       0.967086564117861        7.70000875522153     
  0.602326674289093       0.881441536353944        7.64971084492629     
  0.564905430949174       0.830367406346233        7.76344564661381     
  0.548997544898366       0.944855245634408        7.74693528556946     
  0.612901644558366       0.940160607835089        7.72965337336244     
  0.580590721935156       0.915285487371878        7.74181961161422     
  0.583563787338973       0.846120450405964        7.72503761397270     
  0.599530447046766       0.977548217890441        7.56485870884118     
  0.594842338650375       0.959884613693762        7.68104127805000     
  0.569535635526563       0.859658217695819        7.75800088248147     
  0.529246375940527       0.993296021054722        7.69776284106703     
  0.604148659246642       0.927961586897302        7.75528809345877     
  0.505169362923119       0.875882256885513        7.72630348100466     
  0.504440507649124       0.806875572092553        7.73817319717263     
  0.570462362554414       0.920643567859352        7.73121330438012     
  0.594377547390290       0.963444382622037        7.68176013904413     
  0.556961247866396       0.928399746140524        7.69802196710309     
  0.509751997229348       0.844459591730974        7.77701348045689     
  0.572483952029608       0.984827422611175        7.76296305140098     
  0.571839197966234       0.937859842079696        7.69883391946824     
  0.538757580458591       0.966408145035473        7.70331818569391     
  0.519185226051359        1.07879250183126        7.67493856378418     
  0.548713594396929       0.980762188889462        7.76217508072969     
  0.575605973305538       0.949780996584807        7.70370261456010     
  0.542362864880074       0.920726351421621        7.68891599367777     
  0.457850891518940       0.858789531473489        7.67123225989599     
  0.505133889978826       0.864999614932989        7.78591926525925     
  0.565877737230431       0.880272596459056        7.72881671023958     
  0.487313901505989       0.880577437479254        7.75880829773615     
  0.470955981939262       0.903690315194059        7.75175522730628     
  0.535994900883460       0.944537668510540        7.77496947491867     
  0.513015151164162       0.909915430968831        7.64084082056203     
  0.477920147876996       0.875784013601708        7.69649678018197     
  0.552255123743154       0.961427347089460        7.64436557724031     
  0.544570467646225       0.856578748177441        7.69350956892948     
  0.422080646601653       0.858887915585783        7.74598609183529     
  0.561951212742066       0.944745892668390        7.70717137568580     
  0.576250970698218       0.916705593760055        7.77113729532863     
  0.571587187037856       0.950201932509432        7.71625326289379     
  0.483498834325113       0.925071771105033        7.69892499659670     
  0.603984038324066       0.934952317063937        7.69182869543983     
  0.579735165853675       0.914811396106036        7.69517051876397     
  0.652126084515864       0.988122376400231        7.70386643789240     
  0.526519084000885       0.864886959202667        7.71410364147655     
  0.516661163902393       0.923229842073376        7.79031136732625     
  0.532193494532543       0.816484737621006        7.68401870981467     
  0.633620676854736       0.939764434841945        7.66704048836614     
  0.525739048784548       0.889790062504770        7.71530939509910     
  0.443340364890867       0.886350724318909        7.69555678124164     
  0.491325205833151       0.830351693200756        7.70990321646579     
  0.439819203839861       0.927561759434504        7.79366430133586     
  0.524664406939190       0.909826400902487        7.68455239521449     
  0.503597226028431       0.900082293366840        7.70304105238727     
  0.570479823046354       0.964043920149399        7.67486133139384     
  0.459165346071687       0.830930955211760        7.72094228310219     
  0.513106142361417       0.883313379924802        7.71448622306659     
  0.523256237334648       0.934200017017677        7.68931628316830     
  0.570993025006601       0.925438720346687        7.67029922239428     
  0.534257785237818        1.02551265237809        7.66004925175340     
  0.567436181258782       0.961729677524749        7.73231636448376     
  0.574649283207547       0.973014683016806        7.73490332425254     
  0.557066573019504       0.950704897152726        7.68155194810518     
  0.573367637617511       0.915573962037402        7.75543837515439     
  0.515009953089940       0.860574875699852        7.68286908044318     
  0.551379588381927       0.900796141465835        7.78222235534123     
  0.469732017250708       0.953423774399485        7.72113931360105     
  0.479128248212646       0.933781042387784        7.72543683796962     
  0.592394894965863       0.892231023092890        7.68098459515987     
  0.432227888985984       0.929097488671917        7.66746158886389     
  0.564666023187729       0.884370893061856        7.80013133604432     
  0.444227121522534       0.989236932285346        7.80060565346297     
  0.466091715208970       0.956452882445116        7.69122052278420     
  0.494753460222874       0.902116850626866        7.69014326973065     
  0.462698440172128       0.910874757673199        7.67132979367789     
  0.571321691823573       0.865471643568701        7.69518051222468     
  0.541507111446085       0.965165741426879        7.65474538401312     
  0.548368590457987       0.886968571307201        7.69921972533928     
  0.563099305168865       0.865748266967062        7.69739469435700     
  0.637948494108692       0.887084857220149        7.73221375813012     
  0.527130972073259       0.908001206602688        7.65802165398068     
  0.579197443925517       0.919590681310663        7.70889579923026     
  0.552609351584337       0.896225289577217        7.70582440093734     
  0.667626277814255       0.858333254370053        7.75227603242685     
  0.550814945023943       0.879211318461579        7.68860436305865     
  0.426567455620121       0.965803643288310        7.61081244751965     
  0.552013905187952       0.962037394560393        7.74197797323488     
  0.526656006410304       0.962996184081703        7.71104162167471     
  0.471800339128218       0.912755456187112        7.68430178989141     
  0.535964627638279        1.00250599713710        7.72840068810637     
  0.483851097746779       0.829870385715834        7.75914454632430     
  0.592125429062982       0.930793216102971        7.62158831937739     
  0.590523559385153       0.946609208003900        7.74757480142095     
  0.566870494992878       0.949457571507314        7.70236717204805     
  0.472718290342288       0.897125986837154        7.72238943569040     
  0.706437637940929       0.876860236357949        7.72995030894627     
  0.507353015834129       0.957716470120652        7.71386103008510     
  0.542864559785973       0.935509392021233        7.66607544401473     
  0.593036444131505       0.938554352928356        7.65264710413871     
  0.493116693210389        1.00908278307896        7.72526048087836     
  0.550282938442664       0.834902217625038        7.72294202957756     
  0.454728526659960       0.913670048615490        7.69315126800078     
  0.540722316870807       0.851663379409722        7.76633064777120     
  0.477613943565434       0.929205347451470        7.71551118004843     
  0.524781464119523       0.800159696493662        7.67058965468599     
  0.536986850492434       0.902810896464894        7.74187487673142     
  0.569006128395682       0.947161894726027        7.68841284875403     
  0.547946864764585       0.874061957121250        7.61441620178316     
  0.510323994515573       0.801388337772989        7.72749027974658     
  0.482748877076302       0.976538502246538        7.74886379663974     
  0.540315201310471       0.931069434874481        7.68748988505230     
  0.555932519729178       0.821243878790211        7.70235600610119     
  0.552374078144781       0.911541152392162        7.69156170662449     
  0.447325710979742       0.885462279926175        7.58505726849174     
  0.617963473096890       0.796741445443731        7.69980617667651     
  0.578458452401024       0.939213021535045        7.66779141178179     
  0.460930427754092       0.916423249606470        7.74862755732479     
  0.563601918620962       0.858571489832566        7.68063386238904     
  0.547982685122845       0.842686224274933        7.66329715689993     
  0.519710029117719       0.924195563369385        7.75043749665158     
  0.587339374934448       0.991023796400934        7.69782702120828     
  0.535380702441080       0.947617799425263        7.59042020652076     
  0.559066328206775       0.902196090166664        7.75217072502531     
  0.592431974073347       0.956919098311270        7.62270454302615     
  0.507688889013494       0.879664904881433        7.75176050293514     
  0.520891969295175       0.799207055494300        7.67462987554812     
  0.562163868296424        1.04050106819790        7.80708476625363     
  0.520634267614090       0.955713689602734        7.70170484505705     
  0.526143353601331       0.845686773489862        7.59597331901607     
  0.529930857145154       0.927108472424431        7.68218490646679     
  0.468892096022195       0.938657769317418        7.74500818525597     
  0.488892681498415       0.944672116011814        7.69460456379363     
  0.426258440790757       0.962163114260256        7.80956003982469     
  0.442714922202077       0.897663571000050        7.71309422799759     
  0.561711211236137       0.993360672200476        7.64508622768003     
  0.512593850145436       0.833166050424209        7.72288820367386     
  0.513975454983221       0.854869425400429        7.63918832914081     
  0.552182055063053       0.885339035762501        7.78168377423126     
  0.564425340924456       0.872310059374886        7.76751676683982     
  0.419946102000512       0.935166689281087        7.61487960406756     
  0.519045362266571       0.911267356463491        7.70003993152916     
  0.480078041546527        1.00020601682491        7.71633181160060     
  0.487802579763383       0.896339258356840        7.65117003020508     
  0.615473692174761       0.967924348206850        7.64204229200302     
  0.476819645985711       0.875368599971637        7.73156313943650     
  0.493787780934328       0.820337206500364        7.83922569511160     
  0.427754876733131       0.893371330457102        7.70574492868643     
  0.469372756835958       0.957380960229857        7.62445530898164     
  0.571822178418526       0.888132751955475        7.70237789353392     
  0.531348896546530       0.911514970010841        7.72307261398849     
  0.499929184705321       0.900180637633748        7.65026535482651     
  0.479899717636468       0.898121771657060        7.64209796405090     
  0.585674445210474       0.900476468446432        7.70232175292656     
  0.569518881771917       0.910987467164513        7.75474650606638     
  0.533655825153583       0.999749908169033        7.70210741206455     
  0.463499038472125       0.923302251754159        7.59767981630952     
  0.566041011959523       0.920812084304432        7.72581189102908     
  0.568805981904949       0.928142453841911        7.74779446373131     
  0.547397256974114       0.867102993110533        7.64645422052078     
  0.525011066695335       0.910410505637470        7.67850043453310     
  0.478515995124256        1.00456526341502        7.68231352736019     
  0.545992166901719       0.962628852557243        7.77032050035746     
  0.559337691843720       0.954745658200173        7.78400804625714     
  0.559661423646593       0.835440921319423        7.71254041766806     
  0.612982549228623       0.915433057155551        7.61705238151617     
  0.545925223687715       0.907293542828189        7.75552663090232     
  0.521080419440807       0.854487848549579        7.79321654930351     
  0.553849234436049       0.989665064242473        7.71254834271564     
  0.583844191501677       0.812246053859051        7.76144755073221     
  0.536016098385776       0.925405888489988        7.72592813402744     
  0.481506476055275       0.940699556452571        7.76677870763350     
  0.547344155772267       0.837145805778350        7.74789301701043     
  0.542265530312915       0.887061036531477        7.70770039597706     
  0.567271950800251       0.891501593978992        7.66953402112439     
  0.529848765272796       0.867682063336580        7.73411791999999     
  0.605987759605736       0.938446397752313        7.71860407591961     
  0.546756812089260       0.952404434001907        7.72880802752182     
  0.557667757187722       0.997237999335963        7.57915409763681     
  0.519456816929453       0.947278759177143        7.66942210410763     
  0.488896885903665       0.966126783278271        7.77474483197127     
  0.570004087513005       0.905352079573777        7.72054643633691     
  0.550130610282467       0.974586793736347        7.73358132297448     
  0.574010656542908       0.859559468708593        7.71064872280499     
  0.519768574546666       0.908647459981285        7.66122114508096     
  0.533498443832688       0.875685149108753        7.70057212684389     
  0.505466929790515       0.942522101076700        7.75759564737970     
  0.622528989606580       0.879635669351525        7.78727000944095     
  0.538215030966089       0.971279555254532        7.76893804540779     
  0.544542400522308       0.966854216689090        7.79529489698322     
  0.619032455829263       0.891197819000437        7.75624539594711     
  0.572951198889463       0.939394091408544        7.73418841514703     
  0.522188696133417       0.847285744001250        7.65490945709290     
  0.469903472532187       0.991746274909911        7.73803197170052     
  0.393966907950724       0.933683308035857        7.74853157774895     
  0.512859259490356       0.903375109280458        7.61517447459948     
  0.542845531614459       0.940647342727208        7.77363665959363     
  0.566207200894640       0.908060880486965        7.82298858015488     
  0.565181756932750       0.940435553911179        7.67231670385841     
  0.627741102353814       0.895689724655692        7.78559713668182     
  0.518020778929892       0.863372787473586        7.74737700118850     
  0.598789128078444       0.837223535278871        7.66123487366014     
  0.560899828948850       0.977914676863421        7.66300508988604     
  0.419479973126556       0.803140429140167        7.74629752144663     
  0.545168175849522       0.923616690448290        7.65784996174285     
  0.459924932063334       0.943927788326154        7.66266527189978     
  0.455019921846656       0.912525257156051        7.73904940955871     
  0.514777809832205       0.901876958254955        7.73838347120965     
  0.600010326582188       0.914640933472442        7.71346641201451     
  0.512609256794651       0.947055449278252        7.66462096190729     
  0.566239063965633       0.952212800731569        7.72242040094180     
  0.548655263744268       0.866227761354763        7.75701334084462     
  0.507419571008348       0.888427265473661        7.59551793370942     
  0.473915845943559       0.893065971338184        7.72850446355882     
  0.616681019469839       0.979105322347926        7.71489047756550     
  0.487157725475819       0.978794133274397        7.68706419771002     
  0.565498962297985       0.877192818589004        7.73433101818389     
  0.524319982399140       0.899887995699318        7.77864418289168     
  0.540323227753435       0.942682334503866        7.68481029180046     
  0.508151316837325       0.901023463782731        7.75570946103882     
  0.427486241494415       0.868949257766966        7.72206892756817     
  0.520954863928704       0.930576580180714        7.65885449429407     
  0.558522544696513       0.926439026562710        7.70860275257467     
  0.419726982467953       0.903847038919553        7.75252533731968     
  0.518011303770547       0.979135238237925        7.86777719462319     
  0.481247112330617       0.934775871694252        7.71071897558366     
  0.547914531027432       0.961001877872948        7.67556951472988     
  0.603693478299504       0.926200415675183        7.74484073143395     
  0.518681699026997       0.916735666841536        7.76298188771725     
  0.525398566083706       0.832630161731617        7.73429792668138     
  0.511492548249997       0.887836928406386        7.65677572802595     
  0.528377968932483       0.889137843413107        7.73470729431667     
  0.478036885090531       0.924521203155087        7.64430700671359     
  0.598636998007419       0.831596255283472        7.72959865654389     
  0.556832139907581       0.914057417420734        7.71445969971633     
  0.562462875075276       0.953981889994917        7.76670260568112     
  0.501018701025513       0.902087506991013        7.78469034034610     
  0.568798673263647       0.986506814638917        7.66942426282214     
  0.490852361895592       0.949975246981131        7.67300099139645     
  0.570657317546951       0.904067040527400        7.73542238294366     
  0.508195836140854       0.885975550111873        7.74067083309802     
  0.549493590972243       0.985053491677455        7.83790224929229     
