  0.571443610737373       0.928314596175239        7.65648267670467     
 -0.212084711055970     
  0.473978041545146       0.866452717988006        7.77324731454285     
 -6.433258423137489E-002
  0.595156634473387       0.803866023510743        7.63651545794641     
 -0.241499801432757     
  0.423767980458050       0.904291941862576        7.80920164004479     
  4.171144996542298E-002
  0.539659939031584       0.977701677061450        7.57086417428564     
 -0.156244574332077     
  0.435807680772628       0.815121163110614        7.59807716179405     
  4.107887349928419E-002
  0.390903123506394       0.784423193567510        7.73675821309129     
  0.139866651609342     
  0.480009150009748       0.873649081991743        7.69918736900507     
 -6.720156588476434E-002
  0.649996591087308        1.03315582739464        7.76101080520690     
 -0.316634819881507     
  0.533918786050851        1.04802582238605        7.67250305110331     
 -0.158469343779153     
  0.619249541806091       0.993031642819723        7.62767983329232     
 -0.270166046585298     
  0.668261515984140       0.825855662708638        7.58385808414112     
 -0.319786003241146     
  0.627511530003557       0.779157933763600        7.85672010100363     
 -0.300771338609581     
  0.492497144806705       0.970427566309688        7.71863751172576     
 -9.314500298383321E-002
  0.610725141303062        1.01914176510031        7.82455951577345     
 -0.278599371550712     
  0.678662267315459       0.848680842466159        7.79568154622208     
 -0.348409986267146     
  0.562939151403655        1.06195412537076        7.61864729737160     
 -0.196209459924404     
  0.414530025506278       0.891019905854287        7.84402686997095     
  6.019840723038583E-002
  0.452351069710399       0.934592487280404        7.74350354761161     
 -1.583233994634525E-002
  0.515641002001384       0.958968514758921        7.68302464473084     
 -0.129833131986489     
