  0.348200303356385       0.424855086913023       2.935898733165455E-002
  0.416784232950482       0.209088608944234       0.838285799686179     
  0.972960346984833       0.134393386189585       0.373006761214133     
  0.580266067491601       0.954998831629932       7.106430352037869E-002
  0.594296339186248       0.567148926158393       0.217034988888078     
  0.535001279136864       0.554144805372331       0.635629672936168     
  0.811141317700933       0.690315321841542       0.992198753965253     
  0.369983749149785       0.415328478999678       0.491600752155615     
  0.129371963908838       0.970389408822795       0.565984337030785     
  0.899240276866201       0.700865518711011       0.820181050927257     
  0.879547581618999       0.473558694182572       0.925780084073982     
  5.620427455562439E-002  0.931330269644444       0.103730179716815     
  0.178813887286167       0.805341916621030       0.937773362550598     
  8.393219024522953E-002  0.649449794077808       0.710475816717822     
  0.835821454743949       0.606260500136493       0.190265866683641     
  0.660118457823108       0.866654372599682       0.610921354404647     
  0.307349211799842       0.717183140519307       0.781989196546229     
  3.784558044036238E-002  0.330971281988234       8.885492851693196E-002
  0.177813320203698       0.446836376799871       0.509783591613959     
  0.722758385090196       0.345056304369575       1.318139942272402E-002
  0.757321075589226       0.638093258854657       0.646922958638102     
  0.759603148896160       4.830145341442526E-003  0.468094405619936     
  0.819766355498501       0.724895615052361       0.316246686209642     
  0.795279726893571       0.588459329379442       0.729483700206132     
  0.927084186533212       5.737745890085334E-002  0.477192227156546     
  0.146780213155641       0.226880321446989       0.241190395026983     
  0.292185367474377       0.150776848516238       0.919112075743174     
  0.732685433301767       0.285064448003051       0.748799880113251     
  0.949434646127956       0.774606166044376       0.776013641692241     
  0.710597475215329       8.261842809577837E-002  0.309490214437029     
  0.234980234390997       0.121492436324223       0.977034048399237     
  0.607442269143439       0.369805877447739       0.788037163642961     
  0.889360351195041       0.389882267459392       0.147752206454445     
  0.211565397012981       0.394126338144690       0.932048169909915     
  0.681413316963183       0.304579484638609       0.844305964741833     
  0.843975345597743       0.442398321991480       0.794992277585946     
  0.568633465419029       0.799312000871635       0.211995101586463     
  0.486939017346912       0.920727225133233       0.867743798145617     
  0.519778839512856       0.751758529497704       0.902158292014738     
  0.190812837138443       0.502033840898998       0.663699606318328     
  0.696710931615455       0.298835419835258       0.459997680501633     
  0.156341946918536       0.848329746330737       0.279230480781834     
  0.433744721016987       0.976260866509578       0.758833359602129     
  0.617168994230073       0.828883429181547       0.381917697954120     
  9.857174009099459E-002  0.749151403732175       0.953249521036621     
  0.364878566805806       0.541213962409721       0.157557211402925     
  0.389072312048399       0.218780510769684       0.224766339791382     
  0.959777173425865       0.177973081502578       0.442515732277692     
  6.423948671590911E-002  0.131080821217220       0.344055252767008     
  0.646267521541610       4.857648892623600E-002  0.197347545057050     
  0.452163124293062       0.657192243880696       0.177332631793620     
  0.407415712861606       0.519328621936006       0.322399705050116     
  0.400171784300417       0.632934594047871       0.268271349586850     
  0.303250172166548       0.169222169604971       0.890143935134639     
  2.921503937454479E-002  0.322361701151874       0.131260670541177     
  0.633238198700536       0.549182688952302       6.237550540858099E-002
  0.905834138644535       0.961667511086756       0.354047981259560     
  0.827582488005329       0.906573126414672       0.627278177455243     
  0.911018768159266       0.104892798494311       0.539328492293795     
  0.492436453056187       0.665407156960349       2.075569930473010E-002
  0.459823659406823       1.594417959940903E-002  0.716038217170089     
  0.774100797299179       0.455969390634234       0.168601693530564     
  7.995735570292349E-002  0.790048390121459       0.894020318041670     
  0.986134449458234       3.079277519967340E-002  0.576271041664299     
  0.640263476644464       0.435958498751003       0.601682970447268     
  0.443966254844073       0.511631371799609       0.396398596026335     
  0.169416598642479       2.418012413390804E-002  0.387274846319559     
  0.349059106142143       7.391775277313171E-002  0.365842095804334     
  0.511396931751453       0.192813717375674       0.592032762582251     
  0.673231948858744       0.780862223387749       0.258926436612243     
  0.723650186381017       0.406745624372987       0.865905864172009     
  0.692253934712050       0.200494555483721       0.297716289585328     
  0.872594995352006       0.265565447075472       0.449821920480616     
  9.694402981616235E-002  0.894183289052335       0.264160377873671     
  0.204380555605539       0.734967675202562       0.288113784578156     
  5.078378364065355E-002  0.619574274815169       0.685520264339575     
  0.585551653911808       0.184836821658130       0.414082761406294     
  0.857718728936149       0.766747328036067       0.506828101421199     
  0.973320087513631       7.055659483552799E-002  7.240059215565697E-002
  0.278210841685324       9.468940786625113E-002  0.426038075274368     
  0.255687635069999       0.918092298590564       0.180859713408644     
  0.601011197948653       0.984405275302144       0.985988975391881     
  0.748775354057538       0.595890576563110       0.766709414754681     
  0.122732794734107       0.382920302046473       0.879776645969310     
  0.314723959185236       0.241516502104451       0.673945953285468     
  0.538796313956455       0.364279441330535       0.688208301256736     
  0.424648668872696       0.489213305773705       0.734776365455396     
  0.275534890699210       0.234815859211981       0.618517068319666     
  0.789907988441145       0.291217206701015       0.550295822233233     
  0.215704591192858       0.684021600262417       3.616999325477707E-002
  0.936349893902547       0.842107043843883       0.703719490584934     
  0.473738255574019       0.319871600936550       0.583121124597942     
  2.064714728487497E-002  0.153425518557042       0.561383977202997     
  0.552318705082714       0.256618961087566       0.850147714847499     
  0.999047760555621       0.878807576029703       0.432643443634585     
  0.504640236823141       0.815358906029241       0.233000027232359     
  0.113460290647458       0.612133635987559       0.960029123589895     
  0.230676346008387       0.353234333050614       0.968408750941451     
  0.557704512443204       0.889792728980298       0.403019933762272     
  0.321883493739401       0.710681691352215       0.118526743605383     
  0.851236421379145       0.945043704251082       0.525408349277443     
  1.624840768106885E-002  0.269180211762978       4.705488410811408E-002
  0.667345045074798       0.861819101549354       3.222921498652224E-003
  0.782458292289451       0.111496886996953       0.489070202135348     
  0.339018513838778       0.838894047366288       0.115387294931315     
  0.464519238877040       4.225409277319572E-002  0.823194489357724     
  5.204949480235620E-003  0.530608673473469       9.049692255262001E-002
  0.265300204651566       0.993546500561916       0.660348771530180     
  0.945182441670426       0.669963517746122       0.812160258189097     
  0.243797161671560       0.576842759363926       0.138173677486324     
  0.141753359189594       0.469470920014241       0.338568944986309     
  0.377279335018523       0.495966969654488       0.533615535032329     
